[   69086.043533] 0003 0039 00000000
[   69086.043533] 0003 0035 00000ddd
[   69086.043533] 0003 0036 000074a9
[   69086.043533] 0003 003a 00000400
[   69086.043533] 0000 0000 00000000
[   69086.153890] 0003 003a 00000000
[   69086.153890] 0003 0039 ffffffff
[   69086.153890] 0000 0000 00000000
[   69088.582662] 0003 0039 00000000
[   69088.582662] 0003 0035 00003c8f
[   69088.582662] 0003 0036 000065a9
[   69088.582662] 0003 003a 00000400
[   69088.582662] 0000 0000 00000000
[   69088.688018] 0003 0036 00006532
[   69088.688018] 0000 0000 00000000
[   69088.695975] 0003 0036 00006387
[   69088.695975] 0000 0000 00000000
[   69088.702748] 0003 0036 000060ba
[   69088.702748] 0000 0000 00000000
[   69088.710192] 0003 0036 000059ee
[   69088.710192] 0000 0000 00000000
[   69088.718607] 0003 0036 00005265
[   69088.718607] 0000 0000 00000000
[   69088.726533] 0003 0035 00003ae6
[   69088.726533] 0003 0036 00004899
[   69088.726533] 0000 0000 00000000
[   69088.734039] 0003 0035 0000393e
[   69088.734039] 0003 0036 00003cdd
[   69088.734039] 0000 0000 00000000
[   69088.741983] 0003 0035 000038c4
[   69088.741983] 0003 0036 00003032
[   69088.741983] 0000 0000 00000000
[   69088.749887] 0003 0036 000022cc
[   69088.749887] 0000 0000 00000000
[   69088.757434] 0003 0036 00001621
[   69088.757434] 0000 0000 00000000
[   69088.765487] 0003 0036 000010ee
[   69088.765487] 0000 0000 00000000
[   69088.773852] 0003 0036 00000dee
[   69088.773852] 0000 0000 00000000
[   69088.786688] 0003 003a 00000000
[   69088.786688] 0003 0039 ffffffff
[   69088.786688] 0000 0000 00000000
[   69090.629238] 0003 0039 00000000
[   69090.629238] 0003 0035 00003999
[   69090.629238] 0003 0036 00006176
[   69090.629238] 0003 003a 00000400
[   69090.629238] 0000 0000 00000000
[   69090.792749] 0003 0036 000060ba
[   69090.792749] 0000 0000 00000000
[   69090.799435] 0003 0036 00005f87
[   69090.799435] 0000 0000 00000000
[   69090.807325] 0003 0036 00005cff
[   69090.807325] 0000 0000 00000000
[   69090.815067] 0003 0036 00005976
[   69090.815067] 0000 0000 00000000
[   69090.823359] 0003 0036 00005054
[   69090.823359] 0000 0000 00000000
[   69090.830598] 0003 0036 00004099
[   69090.830598] 0000 0000 00000000
[   69090.837868] 0003 0036 00003210
[   69090.837868] 0000 0000 00000000
[   69090.845639] 0003 0036 000020ee
[   69090.845639] 0000 0000 00000000
[   69090.853494] 0003 0036 00001877
[   69090.853494] 0000 0000 00000000
[   69090.861703] 0003 0036 00000811
[   69090.861703] 0000 0000 00000000
[   69090.869584] 0003 0035 0000393e
[   69090.869584] 0003 0036 00000177
[   69090.869584] 0000 0000 00000000
[   69090.877718] 0003 0035 00003b41
[   69090.877718] 0003 0036 00000000
[   69090.877718] 0000 0000 00000000
[   69090.899066] 0003 003a 00000000
[   69090.899066] 0003 0039 ffffffff
[   69090.899066] 0000 0000 00000000
[   69092.940675] 0003 0039 00000000
[   69092.940675] 0003 0035 0000371c
[   69092.940675] 0003 0036 00004d43
[   69092.940675] 0003 003a 00000400
[   69092.940675] 0000 0000 00000000
[   69093.037367] 0003 0036 00004cff
[   69093.037367] 0000 0000 00000000
[   69093.045244] 0003 0036 00004c87
[   69093.045244] 0000 0000 00000000
[   69093.052843] 0003 0036 00004b65
[   69093.052843] 0000 0000 00000000
[   69093.060757] 0003 0036 00004899
[   69093.060757] 0000 0000 00000000
[   69093.068959] 0003 0036 00004510
[   69093.068959] 0000 0000 00000000
[   69093.076420] 0003 0036 000040cc
[   69093.076420] 0000 0000 00000000
[   69093.084407] 0003 0036 00003510
[   69093.084407] 0000 0000 00000000
[   69093.092591] 0003 0036 00002acc
[   69093.092591] 0000 0000 00000000
[   69093.101609] 0003 0036 00001566
[   69093.101609] 0000 0000 00000000
[   69093.108627] 0003 0036 00000444
[   69093.108627] 0000 0000 00000000
[   69093.115829] 0003 0036 00000000
[   69093.115829] 0000 0000 00000000
[   69093.171554] 0003 003a 00000000
[   69093.171554] 0003 0039 ffffffff
[   69093.171554] 0000 0000 00000000
[   69095.191990] 0003 0039 00000000
[   69095.191990] 0003 0035 00003fe1
[   69095.191990] 0003 0036 00007254
[   69095.191990] 0003 003a 00000400
[   69095.191990] 0000 0000 00000000
[   69095.331278] 0003 003a 00000000
[   69095.331278] 0003 0039 ffffffff
[   69095.331278] 0000 0000 00000000
[   69097.736513] 0003 0039 00000000
[   69097.736513] 0003 0035 0000216b
[   69097.736513] 0003 0036 00001221
[   69097.736513] 0003 003a 00000400
[   69097.736513] 0000 0000 00000000
[   69097.831187] 0003 003a 00000000
[   69097.831187] 0003 0039 ffffffff
[   69097.831187] 0000 0000 00000000
[   69099.421815] 0001 0018 00000001
[   69099.421815] 0000 0000 00000000
[   69099.422240] 0001 0018 00000000
[   69099.422240] 0000 0000 00000000
[   69099.632162] 0001 002e 00000001
[   69099.632162] 0000 0000 00000000
[   69099.632620] 0001 002e 00000000
[   69099.632620] 0000 0000 00000000
[   69099.903712] 0001 0012 00000001
[   69099.903712] 0000 0000 00000000
[   69099.904062] 0001 0012 00000000
[   69099.904062] 0000 0000 00000000
[   69100.190065] 0001 001e 00000001
[   69100.190065] 0000 0000 00000000
[   69100.190587] 0001 001e 00000000
[   69100.190587] 0000 0000 00000000
[   69100.361888] 0001 0031 00000001
[   69100.361888] 0000 0000 00000000
[   69100.362169] 0001 0031 00000000
[   69100.362169] 0000 0000 00000000
[   69102.980256] 0003 0039 00000000
[   69102.980256] 0003 0035 00002b05
[   69102.980256] 0003 0036 00001710
[   69102.980256] 0003 003a 00000400
[   69102.980256] 0000 0000 00000000
[   69103.102761] 0003 003a 00000000
[   69103.102761] 0003 0039 ffffffff
[   69103.102761] 0000 0000 00000000
[   69106.894801] 0003 0039 00000000
[   69106.894801] 0003 0035 000030d4
[   69106.894801] 0003 0036 000022ff
[   69106.894801] 0003 003a 00000400
[   69106.894801] 0000 0000 00000000
[   69106.993877] 0003 003a 00000000
[   69106.993877] 0003 0039 ffffffff
[   69106.993877] 0000 0000 00000000
[   69110.220853] 0003 0039 00000000
[   69110.220853] 0003 0035 00000999
[   69110.220853] 0003 0036 00000444
[   69110.220853] 0003 003a 00000400
[   69110.220853] 0000 0000 00000000
[   69110.322613] 0003 003a 00000000
[   69110.322613] 0003 0039 ffffffff
[   69110.322613] 0000 0000 00000000
[   69114.501404] 0003 0039 00000000
[   69114.501404] 0003 0035 00003fe1
[   69114.501404] 0003 0036 00007310
[   69114.501404] 0003 003a 00000400
[   69114.501404] 0000 0000 00000000
[   69114.593870] 0003 003a 00000000
[   69114.593870] 0003 0039 ffffffff
[   69114.593870] 0000 0000 00000000
[   69116.755090] 0003 0039 00000000
[   69116.755090] 0003 0035 00001ccc
[   69116.755090] 0003 0036 00007d54
[   69116.755090] 0003 003a 00000400
[   69116.755090] 0000 0000 00000000
[   69116.862256] 0003 003a 00000000
[   69116.862256] 0003 0039 ffffffff
[   69116.862256] 0000 0000 00000000
[   69117.872264] 0003 0039 00000000
[   69117.872264] 0003 0035 00002666
[   69117.872264] 0003 0036 000071dc
[   69117.872264] 0003 003a 00000400
[   69117.872264] 0000 0000 00000000
[   69117.959601] 0003 003a 00000000
[   69117.959601] 0003 0039 ffffffff
[   69117.959601] 0000 0000 00000000
[   69119.889592] 0003 0039 00000000
[   69119.889592] 0003 0035 00001c71
[   69119.889592] 0003 0036 00007bba
[   69119.889592] 0003 003a 00000400
[   69119.889592] 0000 0000 00000000
[   69120.008028] 0003 003a 00000000
[   69120.008028] 0003 0039 ffffffff
[   69120.008028] 0000 0000 00000000
[   69122.669775] 0003 0039 00000000
[   69122.669775] 0003 0035 0000071c
[   69122.669775] 0003 0036 000008ff
[   69122.669775] 0003 003a 00000400
[   69122.669775] 0000 0000 00000000
[   69122.755565] 0003 003a 00000000
[   69122.755565] 0003 0039 ffffffff
[   69122.755565] 0000 0000 00000000
[   69124.686288] 0003 0039 00000000
[   69124.686288] 0003 003a 00000400
[   69124.686288] 0000 0000 00000000
[   69124.789793] 0003 003a 00000000
[   69124.789793] 0003 0039 ffffffff
[   69124.789793] 0000 0000 00000000
[   69127.333004] 0003 0039 00000000
[   69127.333004] 0003 0035 00000a12
[   69127.333004] 0003 0036 000073ba
[   69127.333004] 0003 003a 00000400
[   69127.333004] 0000 0000 00000000
[   69127.429505] 0003 003a 00000000
[   69127.429505] 0003 0039 ffffffff
[   69127.429505] 0000 0000 00000000
[   69129.011134] 0003 0039 00000000
[   69129.011134] 0003 0035 00003f86
[   69129.011134] 0003 0036 00005a65
[   69129.011134] 0003 003a 00000400
[   69129.011134] 0000 0000 00000000
[   69129.114905] 0003 0036 00005a32
[   69129.114905] 0000 0000 00000000
[   69129.122996] 0003 0036 00005810
[   69129.122996] 0000 0000 00000000
[   69129.131322] 0003 0036 00005576
[   69129.131322] 0000 0000 00000000
[   69129.139772] 0003 0035 00003eb1
[   69129.139772] 0003 0036 00004dff
[   69129.139772] 0000 0000 00000000
[   69129.147209] 0003 0035 00003ddd
[   69129.147209] 0003 0036 00004676
[   69129.147209] 0000 0000 00000000
[   69129.154741] 0003 0036 00003b65
[   69129.154741] 0000 0000 00000000
[   69129.162739] 0003 0036 00002e10
[   69129.162739] 0000 0000 00000000
[   69129.171100] 0003 0036 00002032
[   69129.171100] 0000 0000 00000000
[   69129.179265] 0003 0035 00003f86
[   69129.179265] 0003 0036 00001044
[   69129.179265] 0000 0000 00000000
[   69129.186540] 0003 0035 000048a6
[   69129.186540] 0003 0036 00000000
[   69129.186540] 0000 0000 00000000
[   69129.209076] 0003 003a 00000000
[   69129.209076] 0003 0039 ffffffff
[   69129.209076] 0000 0000 00000000
